Date,BA,BRKB,GS,JNJ,JPM,KO,MCD,PFE,WMT,XOM,LLY,V,CAT,BAC,GE,PG,ABBV,HD,PM,MRK
Jan-14,0.029219224,0.037455197,0.014196929,0.041256923,0.026372832,0.010047594,0.010406711,0.056250152,0.000269151,0.044596354,0.103684548,0.048786196,0.032584362,-0.013134287,0.013529615,0.026624913,0.03412554,0.067404039,0.035449249,0.075892064
Feb-14,-0.026605647,0.079374676,-0.015620306,0.066326531,0.068461809,0.012041885,0.030267998,0.000312103,0.023156813,0.014646307,-0.012581781,-0.044613622,0.024749938,0.040532368,0.016489999,0.02466304,0.009624861,-0.035352939,0.011865023,-0.00386038
Mar-14,0.028129731,0.031047451,-0.024595667,0.031151379,-0.077911382,0.055095706,0.034173212,-0.026152613,0.042914226,0.048423423,0.004077436,-0.061382377,0.060682285,-0.119767461,0.03862493,0.024193606,0.013229578,0.004802286,0.04348354,0.031530813
Apr-14,0.048287087,-0.003958091,-6.26E-05,0.001678349,-0.007324044,0.002941898,0.000493194,-0.052748728,-0.03688412,-0.018357582,0.012859597,0.060312922,-0.030075884,0,-0.00371877,-0.021320437,0.043202763,0.00905548,0.036404081,-0.011953607
May-14,-0.059297597,-0.013869409,0.047744196,0.031145279,0.036890408,0.035443657,-0.006802721,0.001687565,-0.022141721,0.001492092,0.038590002,-0.019177932,0.062995154,0.015191515,-0.019037029,-0.027231149,0.038836678,0.009098787,-0.047775054,-0.000172805
Jun-14,-0.053053525,-0.008928571,0.032429527,-0.04329956,0.000867754,-0.072474032,-0.061346039,-0.033019136,-0.019849659,-0.017282479,-0.01785422,0.0014237,-0.072881184,-0.00780741,-0.042998454,-0.016159775,-0.07264349,-0.001358703,-0.027280222,-0.019187587
Jul-14,0.052456839,0.094235829,0.036096489,0.036367269,0.030865268,0.061847798,-0.008883249,0.024042314,0.026094331,0.005255711,0.040943334,0.007156105,0.082580642,0.055081977,0.033001981,0.074883613,0.056171162,0.156462607,0.043531272,0.059393723
Aug-14,0.004574132,0.006484517,0.024900899,0.02757158,0.013288478,0.02253116,0.011630388,0.006123409,0.012846494,-0.054393726,0.020295737,0.00399958,-0.092050985,0.05966433,-0.013856778,0.007580282,0.044862511,-0.018823552,-0.025473244,-0.013808016
Sept-14,-0.019390799,0.014622846,0.034973035,0.011164274,0.003984064,-0.018284107,-0.011391203,0.012850105,-0.00261282,0.028282828,0.022821949,0.131508639,0.024033171,0.006451649,0.007416061,0.042154274,0.098684227,0.06300413,0.067266193,-0.022604581
Oct-14,0.075654471,0.060859018,-0.008316227,0.004360735,-0.005291005,0.070439351,0.032860344,0.040065373,0.147763255,-0.063798987,0.026986294,0.06941975,-0.007987429,-0.006992945,0.02634638,0.036209508,0.090450645,0.019278148,-0.023368181,0.042457714
Nov-14,-0.032598988,0.009819087,0.028767051,-0.033995381,0.040226064,-0.058219942,-0.03212478,0,-0.018961812,0.021095648,0.012771507,0.015531236,-0.090159044,0.049882537,-0.046055096,0.007298419,-0.054335183,0.056036213,-0.063039265,-0.059768211
Dec-14,0.118402831,-0.041558442,-0.110509209,-0.042363967,-0.131032279,-0.02486973,-0.013447172,0.003210447,-0.010479837,-0.054407788,0.043629544,-0.027803235,-0.126297364,-0.153158181,-0.054610271,-0.074651396,-0.077781231,-0.005239621,-0.014855729,0.061454515
Jan-15,0.037696911,0.024320756,0.100806218,0.023666866,0.126884884,0.051736701,0.069883167,0.098239905,-0.012355965,0.012811714,-0.025416692,0.064336408,0.036638743,0.04356441,0.087902948,0.009965551,0.002485527,0.098927428,0.033898321,-0.028865289
Feb-15,-0.005104408,-0.020961943,-0.009589546,-0.018632329,-0.011422977,-0.063510393,-0.014762386,0.013696609,-0.020016871,-0.039981929,0.035342788,-0.035641823,-0.034620057,-0.026565469,-0.04540213,-0.037472042,-0.032396679,-0.009934635,-0.091972003,-0.018107301
Mar-15,-0.044909382,-0.021549335,0.044953982,-0.013916501,0.044239023,0.000246609,-0.009133826,-0.024721643,-0.051064326,0.027882353,-0.01073639,0.009784427,0.085592885,0.035087716,0.091495407,-0.029655849,0.104543947,-0.058357514,0.108057868,0.036186513
Apr-15,-0.019673504,0.012676156,0.049740352,0.009475806,0.039835599,0.009861933,-0.006421543,0.024169955,-0.04843099,-0.024836901,0.097815479,0.039818276,-0.017955774,0.035781524,0.007016288,-0.014086313,0.029848323,0.041503035,-0.004792159,0.02233044
May-15,-0.012809564,-0.048181818,0.012609729,-0.026762532,0.030100334,-0.042236328,-0.00896487,-0.035107904,-0.04497019,-0.023474178,0.058174857,-0.02227721,-0.005860291,0.031515179,-0.025669288,-0.001913529,0.009010454,-0.002602773,-0.034910335,-0.065035365
Jun-15,0.039287774,0.048710602,-0.017816945,0.028216704,0.011363636,0.047157787,0.050383928,0.075454305,0.014803473,-0.047956731,0.012217083,0.121965668,-0.0729781,0.050528712,-0.017689091,-0.019683039,0.041970525,0.05309099,0.066857936,0.035657831
Jul-15,-0.093570091,-0.060949979,-0.080314039,-0.062169444,-0.064643222,-0.042843233,-0.048467855,-0.106491219,-0.100720624,-0.050119934,-0.025559148,-0.053623487,-0.0278519,-0.086129702,-0.049042171,-0.078617979,-0.10855595,-0.004870543,-0.066993988,-0.086668921
Aug-15,0.002066116,-0.027156073,-0.078685048,-0.006703554,-0.048829953,0.02034588,0.036939592,-0.025138412,0.00169629,-0.011828814,0.016272058,-0.023001393,-0.144950307,-0.046511641,0.016116052,0.017970911,-0.128184586,-0.008329051,-0.005889739,-0.082822596
Sept-15,0.130736922,0.04309816,0.079074586,0.082271023,0.053796949,0.05558325,0.13924693,0.076728542,-0.117211321,0.112844654,-0.025331613,0.113695058,0.116738023,0.077021872,0.146708952,0.061718024,0.094467918,0.070568895,0.114332528,0.106701747
Oct-15,-0.017694334,-0.01418909,0.01344,0.002078591,0.037821012,0.006375443,0.01701559,-0.031048325,0.027951027,-0.013052937,0.005761937,0.018432589,-0.004658122,0.038736567,0.03526974,-0.020162359,-0.023509618,0.082821138,-0.011425363,-0.030186628
Nov-15,-0.005912685,-0.015288239,-0.051520893,0.014618728,-0.00974805,0.007977475,0.03486335,-0.014952856,0.041808791,-0.04543228,0.027059985,-0.018478661,-0.064556123,-0.034423429,0.040414119,0.061063703,0.018744628,-0.012175118,0.005950386,-0.003584221
Dec-15,-0.169167992,-0.01719176,-0.103589857,0.016744548,-0.098894442,-0.000931099,0.04773997,-0.055451343,0.082547435,-0.001282874,-0.061239064,-0.039458479,-0.08416712,-0.159833606,-0.065810573,0.028711732,-0.07326131,-0.049073708,0.023888049,-0.040704322
Jan-16,-0.016232415,0.033906142,-0.0744615,0.007372654,-0.053781513,0.004892824,-0.053239619,-0.026893402,-0.000302896,0.029543995,-0.08975978,-0.028191684,0.087724857,-0.114568589,0.001374561,-0.017137979,-0.005282348,-0.013040707,0.011332037,-0.009078334
Feb-16,0.074124217,0.057464411,0.049822778,0.028419352,0.051865009,0.075585439,0.072446454,-0.001013308,0.032410653,0.042919526,0.000138919,0.056499572,0.130576135,0.079872202,0.090940231,0.025158757,0.045962247,0.075007974,0.077776578,0.05377415
Mar-16,0.061919017,0.025373555,0.045419799,0.035859519,0.067207025,-0.034274628,0.00644494,0.103576157,-0.023653295,0.057542768,0.048882052,0.009937166,0.015416779,0.076923071,-0.032714665,-0.026606668,0.067927191,0.003447551,0.000101948,0.036477022
Apr-16,-0.064169139,-0.033956558,-0.028212784,0.005442541,0.032753165,-0.004464286,-0.035022531,0.060840316,0.058470691,0.007013575,-0.006619886,0.022009381,-0.067035499,0.015796671,-0.016910556,0.011482753,0.031639349,-0.013219839,0.005707272,0.025893501
May-16,0.029488704,0.030240501,-0.068347128,0.076404295,-0.04795465,0.016367713,-0.01409143,0.014695734,0.031649084,0.053021793,0.049580185,-0.060425692,0.0455109,-0.10277211,0.041349709,0.044792661,-0.016208493,-0.03353007,0.030806657,0.023995771
Jun-16,0.029183029,-0.003591408,0.068851797,0.032399011,0.02944963,-0.037502758,-0.022353332,0.047715064,-0.000686119,-0.051098784,0.052571421,0.052312323,0.091676623,0.091936644,-0.010800585,0.010865693,0.069778768,0.082621997,-0.014353117,0.018225983
Jul-16,-0.03149783,0.043113606,0.067061268,-0.047033458,0.055182117,-0.004584002,-0.016914577,-0.056654437,-0.020967722,-0.02034851,-0.062009886,0.036515033,-0.009787399,0.113871611,0.003211333,0.020095821,-0.032160724,-0.029803315,-0.00329146,0.070405764
Aug-16,0.017690228,-0.040002658,-0.048329989,-0.010139098,-0.013481481,-0.02555837,-0.002593809,-0.026724303,0.00951997,0.00160661,0.032282986,0.022249634,0.083221476,-0.030359343,-0.051856591,0.027946427,-0.016068624,-0.040560712,-0.027118974,-0.006051969
Sept-16,0.081144679,-0.001176715,0.105227259,-0.018115635,0.040096111,0.001890359,-0.02418516,-0.063774056,-0.029118379,-0.045371219,-0.079990103,-0.002297398,-0.059817481,0.054313125,-0.017555691,-0.032869047,-0.115585872,-0.051833936,-0.008023028,-0.05912514
Oct-16,0.057080671,0.091060291,0.230307451,-0.04043452,0.157522379,-0.048349057,0.059518522,0.013559773,0.005852664,0.047767643,-0.091007502,-0.062901494,0.144979614,0.280000051,0.05704466,-0.050000044,0.089996425,0.060568737,-0.08461223,0.042064075
Nov-16,0.034006376,0.035188008,0.091933057,0.035130279,0.076337782,0.027509294,0.020541628,0.010578624,-0.0185974,0.033906071,0.09579857,0.009053246,-0.029510253,0.046401492,0.02730821,0.019645922,0.029934206,0.036166987,0.036361567,-0.037914706
Dec-16,0.049717369,0.007117438,-0.042305283,-0.017012412,-0.019237455,0.00265316,0.00698324,-0.023089115,-0.034436063,-0.070573898,0.047314692,0.060112825,0.031485938,0.024434344,-0.060126618,0.04186485,-0.024113675,0.026103818,0.05071592,0.052998152
Jan-17,0.102863787,0.044352382,0.081719867,0.079116998,0.070778684,0.009381766,0.041445704,0.075322905,0.062783192,-0.030635356,0.075035686,0.063233024,0.01045369,0.09010605,0.003703758,0.039611887,0.011945664,0.053278105,0.137522122,0.062590731
Feb-17,-0.01869833,-0.027651383,-0.073933726,0.019147369,-0.030677555,0.011439466,0.015354485,0.002637266,0.016211918,0.008484998,0.015698624,0.010575395,-0.040347624,-0.044165322,-0.000335482,-0.013396302,0.053686991,0.01324959,0.032464592,-0.035372694
Mar-17,0.045063892,-0.008819294,-0.025770503,-0.008671216,-0.009562842,0.0167295,0.079623486,-0.008476876,0.043006859,-0.004389709,-0.024372881,0.026443101,0.102414832,-0.010597711,-0.02718126,-0.028046708,0.011970515,0.063134265,-0.018246281,-0.019043169
Apr-17,0.015149056,0.000423703,-0.056032172,0.038713858,-0.055747126,0.053765933,0.078324877,-0.037441105,0.045491367,-0.014084507,-0.030343626,0.043959681,0.030999395,-0.039845771,-0.055536366,0.008702559,0.001213136,-0.016592002,0.080837306,0.044601382
May-17,0.053935938,0.024745886,0.05036448,0.031500975,0.112598904,-0.013635364,0.015044072,0.02878781,-0.03714928,0.002857143,0.034309455,-0.015226342,0.01925447,0.08255245,-0.013513449,-0.010670846,0.098303633,-0.00071657,-0.019616077,-0.015665848
Jun-17,0.226093552,0.033063707,0.015457413,0.003250435,0.004376368,0.022073579,0.012927657,-0.012800864,0.056952241,-0.008547009,0.004374248,0.061633598,0.060394546,-0.005770791,-0.051832705,0.042111281,-0.035857101,-0.02477176,-0.006300535,-0.003276651
Jul-17,-0.011548297,0.035377493,-0.007056317,-0.002637131,-0.009912854,-0.006326353,0.03113317,0.022921041,-0.02400321,-0.046351824,-0.01657395,0.039775002,0.031066266,-0.009535715,-0.041390106,0.015965613,0.077099115,0.001804739,0.001885025,-0.00031304
Aug-17,0.060711007,0.011923162,0.060114419,-0.017828813,0.050830674,-0.011855104,-0.020566356,0.05247477,0.000895358,0.0740207,0.052281953,0.016615159,0.06145205,0.060694885,-0.015071276,-0.013980637,0.180079642,0.091345852,-0.050628565,0.002662051
Sept-17,0.014830258,0.019746891,0.022302795,0.072302131,0.05339755,0.021550766,0.065292316,-0.017927533,0.11735211,0.016711393,-0.042085556,0.045039962,0.088926342,0.080899733,-0.166253072,-0.051000295,0.015642577,0.013573008,-0.057382241,-0.139622028
Oct-17,0.072951392,0.032470311,0.021280106,-0.000573847,0.038862936,-0.004567203,0.030315739,0.034228872,0.113620589,-0.000719856,0.032950901,0.023731523,0.039396103,0.028477572,-0.092757963,0.042274747,0.073905797,0.084690606,-0.018061921,0.003267327
Nov-17,0.065426301,0.02699342,0.028751413,0.00279911,0.023153463,0.002403321,0.000872245,-0.001105529,0.015631123,0.004202185,-0.002126658,0.012700953,0.116401053,0.047923336,-0.045926766,0.021002327,-0.002166726,0.053998393,0.028223859,0.018093042
Dec-17,0.201620833,0.081525578,0.051538703,-0.010950472,0.081634561,0.037271142,-0.005693702,0.022641817,0.079495569,0.043758967,-0.035638198,0.089545755,0.032999092,0.084010823,-0.073352386,-0.06029605,0.160376407,0.059990477,0.014955057,0.052958914
Jan-18,0.022123769,-0.03349193,-0.018515062,-0.060134597,-0.001469698,-0.091826014,-0.078298469,-0.019708306,-0.155629978,-0.132416953,-0.054389202,-0.010383972,-0.050067539,0.003124952,-0.127396415,-0.090572157,0.032168959,-0.092732654,-0.034318756,-0.084894506
Feb-18,-0.094779272,-0.037258687,-0.042102461,-0.013319988,-0.047878788,0.004858862,-0.008621783,-0.02258564,-0.011552178,-0.014919461,0.004544354,-0.02700504,-0.046886114,-0.06573205,-0.044649157,0.00967909,-0.182854183,-0.022110049,-0.040077271,0.004610819
Mar-18,0.017323411,-0.028824945,-0.053720321,-0.01295357,-0.010821133,-0.005065623,0.070725157,0.031558109,-0.005732321,0.042085511,0.047822112,0.060692145,-0.020491275,-0.002334101,0.043768536,-0.087537873,0.020073972,0.036804294,-0.175050314,0.080778443
Apr-18,0.055762082,-0.011356011,-0.052238493,-0.054312594,-0.016271373,-0.004859986,-0.044374104,-0.018574014,-0.066922378,0.04488746,0.048970041,0.030264849,0.052299827,-0.029411737,0.000710671,0.011473623,0.024754006,0.009469697,-0.029999989,0.011211164
May-18,-0.047279646,-0.025479037,-0.023508057,0.014378866,-0.026259228,0.02,-0.020748703,0.00974169,0.037676598,0.018340719,0.003410171,0.013234361,-0.106905438,-0.029269985,-0.033380621,0.066830662,-0.063573891,0.045832232,0.01508671,0.019653904
Jun-18,0.061965366,0.06011251,0.076438319,0.092137795,0.103166987,0.063155495,0.005424724,0.100605962,0.041797287,-0.014746767,0.157974867,0.032389646,0.059924854,0.095423859,0.001469497,0.036126054,-0.00453317,0.012403886,0.068863083,0.085173025
Jul-18,-0.037917485,0.054833982,0.001600472,0.016374887,-0.003218791,-0.044177568,0.029770217,0.039821302,0.074303197,-0.016439701,0.069223805,0.074228415,-0.034422788,0.001619208,-0.050623623,0.025593469,0.04065922,0.01645403,-0.097450792,0.041293411
Aug-18,0.084920797,0.025824071,-0.057062361,0.025837107,-0.015185896,0.036347319,0.031190285,0.061416859,-0.020342378,0.060496445,0.01571222,0.021784989,0.098235497,-0.047526712,-0.127511628,0.003375605,-0.014586388,0.031777604,0.046860978,0.034261619
Sept-18,-0.045818768,-0.041240484,0.005039244,0.013172179,-0.033853244,0.036588006,0.057445155,-0.022919749,0.067830559,-0.062808751,0.010530285,-0.081551006,-0.204406877,-0.06653086,-0.105402988,0.065481157,-0.176887323,-0.150953367,0.080083379,0.03763739
Oct-18,-0.022825903,0.063133281,-0.153880286,0.049360669,0.019904605,0.052631579,0.0656303,0.073618219,-0.026224859,-0.002259036,0.094061202,0.028001454,0.118282217,0.032727259,-0.25742577,0.065742014,0.210918413,0.025244498,-0.017486101,0.077842722
Nov-18,-0.069961933,-0.064424487,-0.123970843,-0.121511232,-0.122043349,-0.060515873,-0.058034057,-0.055807702,-0.046083374,-0.142264151,-0.024612257,-0.068943644,-0.063389096,-0.132394376,0.009333375,-0.027404549,-0.022064223,-0.047138419,-0.228475638,-0.03692974
Dec-18,0.19572093,0.006660789,0.185333732,0.031228206,0.060233559,0.016473073,0.006814214,-0.027490454,0.028770004,0.074644376,0.035776005,0.023268092,0.047926371,0.155438312,0.342139965,0.049499599,-0.129081258,0.068152665,0.149191114,-0.025912837
Jan-19,0.140915928,-0.020628588,-0.006615827,0.026750827,0.008309179,-0.057968003,0.028302942,0.021200035,0.032974361,0.078466157,0.053645923,0.097103927,0.031390752,0.021426084,0.063543317,0.021561126,-0.013077632,0.008772411,0.133211693,0.092167217
Feb-19,-0.133057551,-0.002036761,-0.023945094,0.023053279,-0.029992334,0.033524482,0.032963446,-0.020299998,-0.014747108,0.022396558,0.027476392,0.054482903,-0.013470154,-0.051237957,-0.038498526,0.055809232,0.017036831,0.036458896,0.016678133,0.02312706
Mar-19,-0.009779246,0.078749564,0.072555862,0.010086558,0.146399289,0.046948357,0.040389679,-0.043795983,0.054445289,-0.006435644,-0.098027082,0.052756195,0.029005775,0.10837259,0.018018019,0.023354159,-0.014890148,0.061545665,-0.02070372,-0.053625065
Apr-19,-0.095528079,-0.089012967,-0.113782051,-0.071175637,-0.086945282,0.001426824,0.003543048,0.022410004,-0.013614472,-0.118460389,-0.009398483,-0.018852953,-0.140654145,-0.13015041,-0.071779776,-0.033527419,-0.033757404,-0.067992101,-0.108941781,0.006352397
May-19,0.065571851,0.079779151,0.121157324,0.061990088,0.055115138,0.036433951,0.047359661,0.043352329,0.089214208,0.082803448,-0.04441954,0.075745373,0.13755109,0.090225548,0.112288162,0.065494098,-0.052014052,0.095443743,0.018151194,0.058578484
Jun-19,-0.062718057,-0.036309049,0.075904203,-0.065048823,0.037567084,0.03358209,0.014735626,-0.103416031,-0.000993766,-0.029622863,-0.016608033,0.025641008,-0.033898271,0.057931045,-0.004761901,0.076516181,-0.083883366,0.027503973,0.064688678,-0.010256402
Jul-19,0.067149305,-0.009833033,-0.073683732,-0.01428352,-0.052931034,0.045791374,0.034405847,-0.084707646,0.035150708,-0.079074771,0.0368977,0.015842738,-0.096225399,-0.103324643,-0.210526293,0.018553053,-0.013209319,0.066545,-0.137782612,0.041932753
Aug-19,0.044988876,0.022663586,0.016281693,0.007946401,0.071272529,-0.010901163,-0.014956187,0.010688554,0.038683201,0.031103972,-0.010091169,-0.048722555,0.061428551,0.060341688,0.083636349,0.034517124,0.151810217,0.018033437,0.053266808,-0.026483235
Sept-19,-0.106604989,0.021920969,0.02967717,0.020559592,0.061432577,-0.000183688,-0.083880583,0.06790997,-0.011964226,-0.043053392,0.018957302,0.039823303,0.090966715,0.071991785,0.116331052,0.001045223,0.050581112,0.011033521,0.072566866,0.029460739
Oct-19,0.077285164,0.03631574,0.037351204,0.041275371,0.054755043,-0.018923388,-0.011286223,0.003909515,0.015606491,0.008287702,0.029837662,0.031588918,0.050290221,0.065558017,0.129258539,-0.019677171,0.10282841,-0.059979569,0.018295651,0.006000395
Nov-19,-0.110382872,0.028143441,0.038762141,0.060949887,0.057984214,0.036516854,0.0160942,0.017135424,-0.002100951,0.024218406,0.119982909,0.018372985,0.020382761,0.057022855,-0.009760445,0.023267279,0.009232845,-0.009659379,0.026046015,0.043243864
Dec-19,-0.022992387,-0.009139073,0.034010351,0.020566258,-0.050502152,0.055103884,0.082789333,-0.049514414,-0.036601713,-0.109773574,0.062466767,0.058914357,-0.110576838,-0.067859151,0.115591417,-0.002241784,-0.084933411,0.044509575,-0.028087901,-0.060582692
Jan-20,-0.135608131,-0.080604197,-0.155541535,-0.096661517,-0.12277123,-0.084075342,-0.092536337,-0.102578629,-0.059481697,-0.171925306,-0.096748798,-0.086495485,-0.054130247,-0.131891611,-0.126104428,-0.091397843,0.057886974,-0.044980313,-0.010036206,-0.103932576
Feb-20,-0.457889571,-0.11393816,-0.230014444,-0.024910767,-0.22461459,-0.172742569,-0.148426636,-0.023339278,0.05516396,-0.261858476,0.099817682,-0.113556338,-0.066001264,-0.255087735,-0.270220558,-0.028526038,-0.111072182,-0.142903003,-0.108831115,0.004963416
Mar-20,-0.054445487,0.024777115,0.186493305,0.144208038,0.063645452,0.037062147,0.134321137,0.17524587,0.069793784,0.223860943,0.114763538,0.109235394,0.002929993,0.132830888,-0.143576861,0.07154548,0.078881668,0.17738736,0.022478062,0.031193149
Apr-20,0.034250461,-0.009500427,0.071257224,-0.008597707,0.016186299,0.01721508,-0.006611218,-0.004433029,0.02064848,-0.02151926,-0.010928624,0.092435117,0.032222032,0.00291067,-0.033823525,-0.016543688,0.127372282,0.130327952,-0.016621956,0.017393515
May-20,0.256770655,-0.038096778,0.005750929,-0.054588235,-0.033398417,-0.042844901,-0.009929154,-0.143753695,-0.034498185,-0.016494392,0.073422661,-0.010602373,0.053025913,-0.015340001,0.039573836,0.031487246,0.059458317,0.008169667,-0.044983684,-0.041997035
Jun-20,-0.138025095,0.09674528,0.001720474,0.036478703,0.0274293,0.057296329,0.053179379,0.176756565,0.080312977,-0.059033989,-0.084602266,-0.014339723,0.050434821,0.047578912,-0.111273803,0.096596098,-0.033306138,0.059797996,0.096345993,0.037630939
Jul-20,0.087468354,0.11369905,0.034906042,0.052483535,0.036734272,0.048475868,0.099032324,-0.017931798,0.0730301,-0.050855513,-0.012642185,0.113392922,0.070966228,0.034565942,0.044481057,0.054987851,0.009061142,0.073637497,0.038797077,0.06268688
Aug-20,-0.03817949,-0.023390204,-0.019036462,-0.029528714,-0.039125661,-0.003230365,0.02795991,-0.028841806,0.007633489,-0.140460691,-0.002493397,-0.056700806,0.048064061,-0.06410255,-0.017350132,0.004771226,-0.085412975,-0.025715748,-0.060157952,-0.027207657
Sept-20,-0.126285853,-0.05184559,-0.059362094,-0.079056959,0.01838579,-0.026534333,-0.029568545,-0.033242502,-0.008291842,-0.049810661,-0.118632597,-0.091313669,0.052966875,-0.016189265,0.191011214,-0.013598096,-0.02842788,-0.039609666,-0.05294041,-0.093309245
Oct-20,0.459311587,0.133779099,0.219741854,0.055211144,0.202366381,0.073657928,0.02084507,0.139049692,0.101190283,0.168914776,0.116434052,0.157613771,0.105316733,0.188185609,0.371967706,0.012910204,0.228907212,0.040118528,0.066601008,0.068873834
Nov-20,0.015898628,0.012930846,0.143681152,0.087779928,0.077960638,0.062790698,-0.013153054,-0.039154268,-0.056548759,0.081038552,0.159217325,0.039838314,0.048562752,0.076349419,0.060903666,0.001944295,0.024574485,-0.042500301,0.092937306,0.017539508
Dec-20,-0.092824442,-0.017251046,0.02828865,0.036535773,0.012591485,-0.121991247,-0.031410197,-0.024721543,-0.025390483,0.087821446,0.231757911,-0.116490633,0.004504956,-0.021774987,-0.011111088,-0.078553922,-0.043583743,0.019576885,-0.037927278,-0.057823964
Jan-21,0.091765796,0.055470224,0.178153926,-0.028627475,0.143778659,0.017445483,-0.008179369,-0.067130919,-0.075236763,0.212533452,-0.014809837,0.099042688,0.180704491,0.170657657,0.174157336,-0.036502673,0.051327033,-0.046082308,0.054864972,-0.057739745
Feb-21,0.201452762,0.062201156,0.02353825,0.037170264,0.034382007,0.075933864,0.087319298,0.081815467,0.045490022,0.026853044,-0.088193626,-0.003107508,0.07406888,0.114664352,0.047049378,0.096332826,0.004455201,0.181582428,0.056177117,0.061553281
Mar-21,-0.080127198,0.076251615,0.06559633,-0.009857012,0.010379032,0.0240941,0.053270278,0.066795473,0.030037857,0.025255239,-0.021678637,0.103103019,-0.01621596,0.047557514,-0.000761521,-0.014841576,0.030308619,0.060344024,0.070543186,-0.033597102
Apr-21,0.054244377,0.052700491,0.067642416,0.040066368,0.067810936,0.024268247,-0.009276516,0.002069858,0.015153464,0.01974144,0.09284894,-0.026802511,0.056858538,0.045891948,0.071646256,0.010718093,0.015246609,-0.014706366,0.015052635,0.018657773
May-21,-0.030199984,-0.039800995,0.020187087,-0.026646972,-0.052971262,-0.021342015,-0.012398991,0.011102505,-0.007111943,0.080692136,0.149093812,0.028684576,-0.097270602,-0.027364941,-0.04267422,0.000593152,-0.004946975,-0.000062679,0.027792184,0.07396172
Jun-21,-0.0546001,0.001331318,-0.012251996,0.045283477,-0.024173846,0.053964147,0.050738127,0.093207354,0.010849633,-0.087349398,0.060909705,0.053759266,-0.049993129,-0.069609483,-0.037890036,0.054102153,0.03249293,0.029163622,0.00988796,-0.011572508
Jul-21,-0.030819498,0.026878436,0.103046308,0.005400697,0.053827909,-0.012624934,-0.021630753,0.076150432,0.03893409,-0.052978982,0.060739255,-0.070173275,0.019927425,0.088373288,0.017471075,0.001124964,0.038521028,-0.006124531,0.029073871,-0.00754523
Aug-21,0.002004556,-0.044896245,-0.085802036,-0.067174955,0.023382307,-0.068193926,0.01537101,-0.066420664,-0.058880368,0.078870139,-0.10546287,-0.02771718,-0.089628654,0.016766485,-0.022578507,-0.018189454,-0.106888526,0.0063769,-0.079708729,-0.0154673
Sept-21,-0.058697827,0.051549791,0.093431738,0.008544892,0.037876474,0.074328188,0.018414831,0.016972797,0.072034783,0.096055763,0.102618443,-0.04929291,0.062718098,0.125559433,0.017858813,0.022818329,0.063038799,0.132455917,-0.002637409,0.172280686
Oct-21,-0.0443414,-0.035956935,-0.078287166,-0.04266945,-0.065100948,-0.069540536,-0.003868866,0.228395062,-0.058828017,-0.071816349,-0.026377773,-0.084997873,-0.052252285,-0.069275798,-0.094211888,0.011119633,0.005319618,0.077661796,-0.09096677,-0.149233378
Nov-21,0.017538539,0.080631754,0.004094596,0.09709485,-0.003022099,0.128884652,0.095952576,0.099013586,0.028869661,0.02256016,0.113610743,0.118387789,0.069252645,0.000449752,-0.00547423,0.131415132,0.174531535,0.035945246,0.105422356,0.023094322
Dec-21,-0.005364594,0.046889632,-0.072853222,0.007131584,-0.061572466,0.03040027,-0.03215578,-0.107705334,-0.033726246,0.24137931,-0.111613937,0.043652767,-0.025055663,0.037086933,0.000105841,-0.019134398,0.011004472,-0.115732145,0.082631563,0.063152453
Jan-22,0.025469437,0.026931187,-0.03775234,-0.044808172,-0.045760431,0.020160629,-0.05658123,-0.109128867,-0.033259733,0.032385466,0.018582654,-0.044435615,-0.069358979,-0.042045918,0.010901795,-0.028420054,0.07947991,-0.139380955,-0.017306746,-0.060137473
Feb-22,-0.067400409,0.097869031,-0.032787366,0.076927751,-0.03864598,-0.003856041,0.010254525,0.102897316,0.101804767,0.05317521,0.145709136,0.026142927,0.187866538,-0.067420803,-0.041985149,-0.019821646,0.097042674,-0.052243298,-0.07054514,0.071428586
Mar-22,-0.222767624,-0.085234196,-0.074553166,0.018224905,-0.124413146,0.042096774,0.007602718,-0.052153757,0.027331057,0.032207289,0.020113873,-0.038959279,-0.055111811,-0.134400795,-0.185245887,0.050719894,-0.093948527,0.003574675,0.064509234,0.080926254
Apr-22,-0.117172803,-0.021218598,0.069920456,-0.005153497,0.107825067,-0.019037301,0.01224113,0.08090483,-0.15922755,0.126099707,0.072946966,-0.004504325,0.025220922,0.042600909,0.050167648,-0.078916213,0.00333599,0.007822923,0.0625,0.03765922
May-22,0.040487062,-0.135957972,-0.091265106,-0.011251601,-0.148377827,-0.007415589,-0.021133183,-0.011500754,-0.054806629,-0.107916667,0.034424478,-0.072017717,-0.17183234,-0.163172083,-0.186741578,-0.027657638,0.039288924,-0.094071052,-0.070682373,-0.009344786
Jun-22,0.165228204,0.10101824,0.122449667,-0.016844121,0.024420567,0.020028612,0.066793584,-0.036620256,0.086114449,0.13183092,0.016839871,0.077302053,0.1090289,0.086090661,0.160829258,-0.033938312,-0.063006065,0.097239999,-0.01610286,-0.020072413
Jul-22,0.005900446,-0.065868263,-0.002159633,-0.07552143,-0.014129681,-0.038335671,-0.042108061,-0.104533756,0.003787242,-0.013824409,-0.086323489,-0.063174739,-0.06829757,-0.005915432,-0.00635913,-0.006982947,-0.063061725,-0.04160294,-0.017087016,-0.044548868
Aug-22,-0.244430577,-0.049074074,-0.119097003,0.012520144,-0.081157127,-0.092205477,-0.085381322,-0.032500553,-0.021501531,-0.086619939,0.073432242,-0.105983655,-0.111688615,-0.101457893,-0.156998907,-0.084747008,-0.001859289,-0.043270267,-0.130694272,0.008903493
Sept-22,0.17699042,0.105123212,0.175601433,0.06494858,0.204593301,0.06836844,0.181676346,0.063756856,0.097379542,0.269155881,0.119808225,0.166113205,0.319234546,0.193377484,0.256824422,0.066693055,0.090827707,0.073168088,0.106493147,0.175104432
Oct-22,0.255210161,0.079670609,0.120867319,0.023164913,0.097712107,0.062823726,0.000476784,0.076906552,0.070891535,0.004782962,0.024828055,0.047499499,0.092164817,0.050221907,0.1048709,0.107596389,0.10095628,0.094080252,0.085138811,0.088142352
Nov-22,0.064903846,-0.0304457,-0.110760067,-0.00758427,-0.029526704,0,-0.033945526,0.02214243,-0.069741488,-0.009340758,-0.014120918,-0.04258067,0.013324283,-0.124966968,-0.02535769,0.016090063,0.002667874,-0.025093383,0.015450998,0.007537179
Dec-22,0.118168933,0.008481709,0.065321218,-0.074893858,0.043698732,-0.036000629,0.014685235,-0.138173302,0.014669011,0.051767906,-0.059288221,0.108057436,0.053139071,0.071256059,0.230396021,-0.060570024,-0.085762023,0.026309214,0.029937741,-0.031906204
Jan-23,-0.053755869,-0.020351823,-0.038708619,-0.062171093,0.024221206,-0.029517286,-0.013051608,-0.08129529,-0.012094369,-0.052581674,-0.095685001,-0.044611459,-0.050497406,-0.033258183,0.052559559,-0.03385312,0.041624324,-0.085233068,-0.066577081,-0.010892894
Feb-23,0.053981642,0.011763549,-0.069785298,0.011353256,-0.090966167,0.042345824,0.059489978,0.005669214,0.037430186,-0.002274588,0.103463826,0.025097773,-0.044708857,-0.166180728,0.128556339,0.080910185,0.035542569,-0.004788607,-0.000513906,0.001411912
Mar-23,-0.026596997,0.064060628,0.049922045,0.056129032,0.060854885,0.034177011,0.057723257,-0.046813725,0.023872064,0.079153748,0.152699231,0.032245138,-0.04387342,0.023776234,0.035251039,0.051718356,-0.051766332,0.018365456,0.027969164,0.085346385
Apr-23,-0.005222942,-0.022736265,-0.056894945,-0.052779475,-0.018301505,-0.069992206,-0.035976331,-0.022370789,-0.027156676,-0.136555687,0.084878511,-0.050272836,-0.059643523,-0.050887969,0.025866351,-0.088758182,-0.087083039,-0.056864297,-0.099629879,-0.043820884
May-23,0.02654351,0.062040613,-0.004198827,0.067457758,0.071697001,0.009386524,0.046648662,-0.035244608,0.070197442,0.049618321,0.092022587,0.074424273,0.195868788,0.032385735,0.081946278,0.064842144,-0.023412662,0.095925212,0.084546166,0.04510457
Jun-23,0.13113279,0.032140762,0.10333602,0.012143548,0.086083608,0.028395882,-0.0174592,-0.016902944,0.017050053,-9.32E-05,-0.030768951,0.00105272,0.077707824,0.115371189,0.03996361,0.030051387,0.11022049,0.07468446,0.021511969,-0.075743114
Jul-23,-0.06204731,0.023411751,-0.079130019,-0.034919119,-0.073626234,-0.033909252,-0.041098226,-0.01885746,0.017203361,0.036833271,0.219227867,0.033441287,0.060187769,-0.104062498,0.001925733,-0.01254003,-0.017515678,-0.010603908,-0.036702804,0.02184718
Aug-23,-0.144400304,-0.027484731,-0.012633121,-0.036677387,-0.008952368,-0.064348989,-0.062991286,-0.062464669,-0.016480698,0.057469197,-0.030801167,-0.06378215,-0.028919022,-0.0449948,-0.03416044,-0.054943605,0.01428954,-0.085195232,-0.036227314,-0.055331311
Sept-23,-0.025354758,-0.025606623,-0.061686807,-0.047576244,-0.04109778,0.009110397,-0.004820832,-0.078685559,0.021759724,-0.099761864,0.031277321,0.022129524,-0.171978011,-0.037983895,-0.017367659,0.028589045,-0.052864652,-0.057817054,-0.036941003,-0.002428363
Oct-23,0.239856546,0.0546978,0.124930009,0.042604827,0.122393212,0.034519384,0.075027654,-0.002945026,-0.047244788,-0.0293812,0.066993999,0.091790668,0.109135138,0.157555034,0.12123721,0.023262051,0.008570667,0.101162624,0.04710629,-0.002142099
Nov-23,0.125329189,-0.009277778,0.129501669,0.013448856,0.08982573,0.008384668,0.052050809,-0.0551362,0.012590541,-0.026863928,-0.013738487,0.014298011,0.179283711,0.104296439,0.047865341,-0.045466459,0.088348914,0.105457905,0.007712095,0.063817263
Dec-23,-0.190362925,0.075926653,-0.004562304,0.013780783,0.025044092,0.0095028,-0.012782031,-0.059395623,0.04820788,0.028305661,0.107544782,0.049587107,0.015693117,0.010098015,0.037530411,0.072335244,0.060850439,0.018496621,-0.034332518,0.107870138
